80

-2.506551 12.532758 0.000000 1
-1.002620 11.530137 -1.807500 1
-2.506551 12.532758 3.615000 1
-2.005241 10.026206 0.000000 1
-1.002620 11.530137 1.807500 1
-0.501310 9.023585 -1.807500 1
-2.005241 10.026206 3.615000 1
-2.506551 6.015724 -1.807500 1
-1.503931 7.519655 0.000000 1
-0.501310 9.023585 1.807500 1
-2.506551 6.015724 1.807500 1
-1.503931 7.519655 3.615000 1
-2.005241 3.509172 -1.807500 1
-1.002620 5.013103 0.000000 1
-2.005241 3.509172 1.807500 1
-1.002620 5.013103 3.615000 1
-1.503931 1.002621 -1.807500 1
-0.501310 2.506552 0.000000 1
-2.506552 -0.501310 0.000000 1
-1.503931 1.002621 1.807500 1
-0.501310 2.506552 3.615000 1
-1.002621 -1.503931 -1.807500 1
-2.506552 -0.501310 3.615000 1
-2.005241 -3.007862 0.000000 1
-1.002621 -1.503931 1.807500 1
-0.501310 -4.010482 -1.807500 1
-2.005241 -3.007862 3.615000 1
-2.506552 -7.018344 -1.807500 1
-1.503931 -5.514413 0.000000 1
-0.501310 -4.010482 1.807500 1
-2.506552 -7.018344 1.807500 1
-1.503931 -5.514413 3.615000 1
-2.005242 -9.524896 -1.807500 1
-1.002621 -8.020965 0.000000 1
-2.005242 -9.524896 1.807500 1
-1.002621 -8.020965 3.615000 1
-1.503931 -12.031447 -1.807500 1
-0.501311 -10.527516 0.000000 1
-1.503931 -12.031447 1.807500 1
-0.501311 -10.527516 3.615000 1
-2.506552 6.517058 -1.807500 2
-2.005242 9.037204 -1.807500 2
-1.503931 11.566506 -1.807500 2
-2.506552 -13.034009 0.000000 2
-2.506551 -6.517060 -1.807500 2
-2.005241 -4.000013 -1.807500 2
-1.503931 -1.484201 -1.807500 2
-2.506552 -0.000001 0.000000 2
-1.002621 1.031873 -1.807500 2
-2.005241 2.516495 0.000000 2
-0.501310 3.549526 -1.807500 2
-1.503931 5.034351 0.000000 2
-2.506552 6.517058 1.807500 2
-1.002621 7.555733 0.000000 2
-2.005242 9.037204 1.807500 2
-0.501311 10.085015 0.000000 2
-1.503931 11.566506 1.807500 2
-2.506552 -13.034009 3.615000 2
-1.002620 -11.966385 -1.807500 2
-2.005241 -10.510250 0.000000 2
-0.501310 -9.465382 -1.807500 2
-1.503931 -7.994777 0.000000 2
-2.506551 -6.517060 1.807500 2
-1.002620 -5.481088 0.000000 2
-2.005241 -4.000013 1.807500 2
-0.501310 -2.967408 0.000000 2
-1.503931 -1.484201 1.807500 2
-2.506552 -0.000001 3.615000 2
-1.002621 1.031873 1.807500 2
-2.005241 2.516495 3.615000 2
-0.501310 3.549526 1.807500 2
-1.503931 5.034351 3.615000 2
-1.002621 7.555733 3.615000 2
-0.501311 10.085015 3.615000 2
-1.002620 -11.966385 1.807500 2
-2.005241 -10.510250 3.615000 2
-0.501310 -9.465382 1.807500 2
-1.503931 -7.994777 3.615000 2
-1.002620 -5.481088 3.615000 2
-0.501310 -2.967408 3.615000 2
